[origional image resolution]:1200,750
150,-322.216,489.674,0,argentum,50
150,-280.544,591.608,0,sententia,50
150,-360.396,-241.332,0,spargere,50
150,-291.652,407.812,0,māgnitūdō,50
150,-281.855,478.14,0,celeriter,50
150,-279.877,398.755,0,posterus,50
150,-255.223,415.303,0,quīcumque,50
150,-265.656,-319.065,0,tempestas,50
150,-315.528,589.802,0,quisquam,50
150,-253.875,-113.673,0,placēre,50
150,-179.278,327.415,0,magister,50
150,-327.342,510.237,0,ingenium,50
150,-335.878,316.058,0,ēgregius,50
150,-232.588,-11.913,0,māgnus,50
150,-278.152,-160.15,0,prīncipium,50
150,-342.31,600.121,0,cōnsuētūdo,50
150,-332.645,434.107,0,frequēns,50
150,-171.844,298.97,0,dīgnitās,50
150,-211.579,75.0132,0,barbarus,50
150,-223.285,-80.4772,0,nocēre,50
150,-164.741,-398.312,0,potestās,50
150,-180.313,196.063,0,lēgātus,50
150,-190.545,-202.806,0,fēlīciter,50
150,-342.843,391.563,0,vestīgium,50
150,-293.58,515.841,0,disciplīna,50
148.696,-154.416,-1.8252,0,dēbeō,50
150,-196.036,-306.226,0,legere,50
150,-144.157,-90.1995,0,caedere,50
149.878,-261.685,-215.933,0,quīdam,50
150,-155.284,149.478,0,porta,50
150,14.1918,336.601,0,fātum,50
150,-278.785,-384.01,0,pontus,50
150,-290.291,-485.98,0,plērumque,30
150,-223.575,119.09,0,iuvāre,50
150,-98.6348,-124.945,0,stāre,50
150,-230.725,27.5686,0,potēns,50
148.57,-285.886,606.627,0,negōtium,50
135.754,-300.21,470.749,0,lingua,50
150,-225.818,-294.037,0,classis,50
150,-81.4078,185.697,0,tālis,50
150,47.2079,331.392,0,solvere,50
148.142,-63.9854,-132.066,0,enim,50
150,-369.479,251.995,0,condīciō,43
150,-58.4759,-173.411,0,ōrdō,50
150,-354.11,-14.955,0,quotiēns,33
128.705,-342.637,520.213,0,inquam,50
150,-156.459,-370.43,0,fūnus,50
142.175,-345.028,431.046,0,fīnis,50
150,-119.313,-231.024,0,surgere,50
150,111.229,352.509,0,fuga,50
150,-42.7869,105.027,0,hūc,50
150,-185.694,636.868,0,numerus,50
150,-83.9078,-420.856,0,diū:,50
139.409,-57.2465,56.5802,0,hōra,50
150,-182.697,-523.577,0,frangere,24
150,-51.4977,-48.2526,0,quālis,50
145.811,-33.6177,173.241,0,frūstrā,30
148.608,-71.5962,311.793,0,alius,46
145.361,-351.819,420.566,0,gaudium,47
150,-105.314,-306.926,0,arma,50
150,-185.77,660.17,0,stituere,50
150,-303.874,236.134,0,mittere,28
150,11.4767,-92.2346,0,iūs,50
150,-358.022,520.006,0,pōnō,44
148.972,-307.933,-410.289,0,iungere,25
150,31.5525,-188.345,0,rēx,50
139.214,-353.5,392.318,0,āra,50
146.656,-324,144.529,0,antequam,20
103.737,-213.099,603.964,0,salūs,46
131.014,-285.277,-51.3716,0,rumpere,34
129.891,24.3565,257.928,0,vel,50
64.7864,36.776,-267.732,0,tergum,50
117.408,-15.9165,75.2416,0,aiō,50
150,84.7189,335.716,0,dūrus,50
144.924,0.354706,-387.19,0,sīc,50
150,-151.297,-104.915,0,homō,37
131.102,-339.88,-549.503,0,gēns,31
131.201,305.378,486.537,0,gerere,50
137.539,26.2683,-264.3,0,vīta,38
67.5485,34.2982,182.85,0,vātēs,50
150,-331.983,-321.444,0,scīlicet,23
104.784,44.4199,25.9357,0,ācer,47
133.37,-343.691,328.252,0,ibi,50
133.494,-247.24,532.778,0,deus,34
132.336,-361.637,429.011,0,tuus,50
113.065,-337.837,70.3398,0,mortālis,21
100.275,-360.384,325.239,0,hīc,50
82.8143,82.4181,254.167,0,ubi,50
115.168,-362.816,-131.883,0,sīcut,26
48.5532,-364.664,340.529,0,hodiē,50
107.341,-152.027,600.333,0,vōx,50
148.593,194.064,63.7907,0,tamquam,27
61.0335,-368.416,316.121,0,dere,50
85.1062,-98.3889,-451.602,0,prius,35
142.649,59.0144,-32.8718,0,vix,44
150,252.707,433.734,0,exemplum,34
53.4763,-363.239,296.792,0,ūsus,50
100.395,119.542,-172.154,0,tot,49
150,-96.2226,-560.631,0,pendere,23
62.8669,-371.894,356.976,0,testis,50
141.825,243.183,527.682,0,campus,38
150,-368.926,-419.187,0,amīcus,26
62.8829,-373.941,-193.063,0,ficere,28
78.7836,34.7626,181.727,0,cīvis,41
150,92.5842,-302.209,0,ripere,24
92.538,62.1357,134.247,0,pāx,38
79.9033,86.2679,-193.766,0,quīn,45
124.415,-360.923,66.2634,0,mundus,18
73.292,-354.619,309.021,0,ars,50
111.062,-236.693,648.929,0,imperātor,50
63.627,-364.619,-95.4444,0,tendere,28
56.4899,92.8878,246.144,0,diēs,50
109.441,-367.089,-312.852,0,semel,18
97.56,-357.808,639.005,0,ipse,50
133.573,352.62,414.13,0,pondus,39
43.6844,-362.633,268.079,0,meus,50
34.1882,-361.184,273.811,0,offerō,50
78.2422,-343.983,158.297,0,adeō,19
89.8287,-356.183,440.401,0,laus,37
150,-363.875,-505.755,0,fīō,28
150,302.34,278.516,0,duo,24
150,344.979,584.685,0,hibēre,44
51.5693,89.3135,-103.068,0,spēs,46
87.3705,-367.262,344.49,0,arx,50
43.5226,-371.479,258.742,0,igitur,50
57.8806,-371.157,299.327,0,ferē,50
36.7253,-358.013,247.98,0,apud,50
65.9196,-359.912,626.833,0,fābula,45
63.6362,106.478,202.448,0,āēr,45
85.4626,145.251,378.029,0,pēs,33
43.3893,48.2065,44.1556,0,rīpa,50
86.9584,69.2827,-361.912,0,ēdō,41
132.708,50.4918,-209.669,0,cūr,26
60.2594,-361.297,314.9,0,fors,50
68.0251,342.458,-11.2748,0,adhūc,36
53.2819,-19.0438,-467.239,0,igere,50
36.2837,-236.667,497.207,0,factum,33
150,293.232,666.427,0,puer,50
70.86,87.1338,-272.22,0,līber,36
127.525,351.04,-422.643,0,post,35
54.8218,-355.562,118.156,0,fāma,18
73.3075,-362.908,266.136,0,īra,45
150,-365.761,615.786,0,locus,20
49.9045,-370.837,226.599,0,rūs,50
56.6113,-3.07895,2.04523,0,lūna,50
40.1066,-36.0095,498.122,0,vulgus,36
43.7518,67.8238,238.395,0,equus,35
39.5288,128.256,101.027,0,colere,31
75.1494,45.2773,161.723,0,aura,30
47.3313,-130.871,550.55,0,laetus,23
108.682,356.629,379.324,0,dubius,44
128.486,338.799,-174.977,0,umbra,32
119.967,-321.504,-148.689,0,alter,13
117.198,336.648,506.679,0,rēgius,40
56.7305,-368.235,-378.909,0,ferō,26
26.084,168.012,-64.9146,0,cipere,50
73.0887,-369.907,501.422,0,ligere,26
69.6826,-366.054,235.702,0,ex,50
115.335,327.424,203.182,0,unde,26
116.777,103.741,-131.006,0,hic,28
26.2197,-340.935,271.919,0,bene,50
17.5157,200.701,-26.9392,0,sēdēs,50
35.5526,41.8669,45.7698,0,scīre,37
44.6161,-248.295,454.888,0,premere,37
34.1722,43.4913,-70.4074,0,sub,33
32.4698,-356.965,219.399,0,iste,50
64.5945,-199.885,530.392,0,sīve,22
52.3922,-372.793,214.244,0,lēx,50
38.9056,-348.84,6.22327,0,iuvenis,24
26.2558,-365.044,198.489,0,liber,50
54.3241,-292.754,-275.684,0,lūx,23
72.8677,58.3619,-380.503,0,aut,43
30.6584,-367.24,243.232,0,forte,47
111.107,-323.115,-189.837,0,vestis,14
28.9807,181.521,-29.7034,0,fidēs,47
32.5011,-364.669,227.559,0,que,50
44.376,-369.673,281.302,0,latus,50
43.8563,213.254,278.888,0,frōns,23
121.441,-370.282,494.307,0,for,17
54.9894,52.8618,223.922,0,regiō,18
150,322.249,-505.713,0,lībertās,21
74.7432,-354.051,159.064,0,haud,12
99.2565,5.84921,0.753906,0,ut,29
18.2833,-363.314,200.191,0,atque,50
26.2075,24.1273,379.805,0,adversus,50
24.2442,-115.645,-446.787,0,nam,50
54.0204,-359.015,98.037,0,opus,16
24.1214,92.9456,-106.325,0,voluntās,24
96.6014,76.5581,318.641,0,sui,30
27.1536,-143.023,-346.422,0,facinus,48
26.9148,126.786,173.064,0,mīlle,50
71.5936,-367.362,68.5674,0,per,12
18.7995,-366.71,600.491,0,itaque,50
31.208,-3.86636,398.811,0,mox,41
24.489,50.7964,-384.936,0,ōdī,50
19.5599,174.987,-70.1924,0,plēbs,42
21.7296,-349.461,172.781,0,nefās,35
25.766,191.655,40.955,0,dolor,50
56.9023,-2.27191,378.397,0,currere,26
72.7198,156.351,-571.238,0,ferus,9
46.1439,-371.837,-32.4755,0,quī,31
94.1093,-167.834,-314.716,0,vir,18
30.2659,-358.069,227.852,0,pār,50
22.3538,-373.382,452.875,0,pars,49
62.1785,314.53,626.033,0,volucer,46
150,337.065,141.62,0,vīvō,13
17.8154,85.6007,-440.722,0,nātūra,38
73.7331,75.6324,-96.3428,0,aes,20
36.3019,-369.875,411.684,0,patria,50
19.386,-365.27,190.141,0,ōlim,50
25.7264,-354.242,-224.115,0,semper,31
29.0375,186.447,-44.8853,0,cinis,36
41.3179,165.089,-319.901,0,fōns,26
95.6852,202.697,-472.762,0,incidere,15
51.7456,-3.69894,-461.619,0,cāsus,30
81.1774,66.5557,635.183,0,omnis,50
16.2311,-372.972,210.508,0,cupīdō,50
19.7212,208.943,259.313,0,grātia,50
53.425,-369.053,-335.236,0,vīs,20
57.8256,-332.193,-114.776,0,intrā,17
35.1416,-161.994,-322.808,0,cornu,30
25.3973,167.567,-76.5659,0,cārus,35
26.341,-369.186,227.723,0,flēre,50
50.2914,-369.877,368.99,0,petere,26
34.5386,182.51,84.8414,0,nox,43
22.7181,56.1583,310.145,0,īnsula,35
17.9927,-130.076,-180.162,0,cēdō,46
25.8698,137.638,190.841,0,ego,39
56.4185,330.179,321.754,0,vehere,50
28.1342,-11.8906,375.41,0,amor,39
16.6271,-129.843,-188.722,0,tingere,50
22.9325,-64.09,-237.722,0,silva,48
46.2526,-72.0516,501.769,0,vīcīnus,21
23.2282,-90.711,-202.982,0,licet,43
43.0189,-372.136,340.371,0,comes,17
86.2651,216.223,493.85,0,falsus,12
15.6205,-63.4721,-249.308,0,mors,50
15.6717,-158.346,366.753,0,cēterus,50
25.723,37.0065,453.157,0,flōs,49
21.3434,-367.676,-498.072,0,absum,27
65.9976,-70.8892,-254.518,0,īctus,20
150,312.624,622.375,0,cibus,25
38.3964,-369.156,275.389,0,timor,34
25.2539,-374.64,-508.63,0,tamen,24
13.361,-366.976,591.345,0,vereor,48
19.4941,-364.713,257.556,0,monēre,45
15.4804,-9.32751,-159.45,0,accēdō,45
27.6141,-366.845,567.27,0,iter,50
16.5083,-348.04,-407.411,0,pellāre,28
131.862,-327.072,-554.8,0,tum,8
57.4743,-239.044,465.823,0,fīlia,39
23.7802,190.639,11.9777,0,quō,50
28.7176,176.695,-246.751,0,paene,35
34.2627,122.023,99.4591,0,vester,42
29.535,266.384,-437.049,0,terra,27
45.6605,-368.101,359.143,0,pecus,27
18.1964,-371.142,198.648,0,lūmen,50
80.6102,-205.701,523.405,0,ūtor,12
16.2964,-370.518,186.264,0,virtūs,49
27.3999,104.752,-464.048,0,fore,30
28.8903,32.0261,437.196,0,auxilium,32
20.9959,189.447,-352.928,0,dēferō,50
35.2836,-167.221,220.041,0,tollere,18
24.1209,-373.433,-466.638,0,arbor,28
19.0857,-369.479,271.782,0,quandō,50
15.8462,-83.2171,84.5284,0,fateor,50
23.3477,52.7325,38.9313,0,tantus,50
35.6104,-372.651,176.353,0,seu,42
21.4677,136.615,-341.68,0,similis,48
36.3695,-90.0573,294.541,0,reor,28
15.8755,248.935,273.087,0,voluptās,50
22.1856,-70.0612,577.627,0,hortor,50
15.0849,37.9423,-283.816,0,initium,50
14.7186,-86.4452,221.009,0,sapiēns,41
18.8503,-364.477,601.597,0,ēligō,50
17.0372,-148.536,438.053,0,antīquus,48
16.1162,-369.745,351.159,0,aegrē,50
25.7424,165.516,-301.03,0,aurum,50
29.3499,42.744,603.337,0,magis,40
26.3142,38.3556,-75.3762,0,modo,25
16.9926,-1.9736,-166.783,0,paucī,50
24.0334,-43.8208,-476.933,0,quisque,33
49.1269,-374.571,163.035,0,bōs,15
42.6285,-373.448,334.906,0,caecus,39
8.88968,-359.726,179.594,0,sentīre,50
68.9762,-374.981,-88.1947,0,illīc,10
48.0267,25.891,139.792,0,prō,22
29.5724,-118.889,536.777,0,prior,30
53.699,-0.224884,-413.842,0,paulō,9
23.4066,79.3561,239.39,0,referō,38
28.2709,-112.065,-500.166,0,crēscō,23
26.4434,184.939,-53.0746,0,līmen,38
27.3552,-371.196,-61.8028,0,tinēre,29
29.8638,-73.4239,-237.161,0,cor,38
19.0673,166.812,-233.128,0,nisi,35
49.5959,46.7276,64.7208,0,fax,25
33.0906,-373.645,-163.801,0,fingere,14
13.0702,143.752,160.674,0,vacāre,50
16.0257,150.247,156.725,0,īnferō,50
34.6496,-141.911,-351.85,0,illūc,39
22.3166,127.831,-419.503,0,quamvīs,40
34.0745,149.207,168.226,0,ita,50
63.7344,343.761,382.836,0,libīdō,23
44.0233,49.8004,208.944,0,auferō,13
38.836,113.906,354.914,0,auctōritās,16
14.1467,10.2003,-154.889,0,ergō,41
25.7155,52.8946,310.411,0,tōtus,21
34.073,-369.632,0.598694,0,sum,25
19.4058,5.42477,-169.136,0,ille,50
47.1072,107.666,-142.962,0,frūctus,15
17.1387,-58.5693,-245.913,0,ager,44
14.3132,29.5425,433.949,0,mare,50
22.286,284.962,310.23,0,rēctus,32
20.1451,158.359,590.12,0,novus,28
19.4217,176.897,-203.373,0,tēctum,33
11.4481,-372.367,177.893,0,āgmen,39
22.9653,-110.279,-448.159,0,ultrā,41
12.4093,-111.597,173.693,0,māteria,43
24.7461,24.6777,14.9667,0,citus,35
34.1827,-186.945,-92.5202,0,agere,21
15.64,-35.4167,113.102,0,fēlīx,39
27.9494,-75.0219,-284.98,0,nōlō,38
8.14225,-75.8518,-399.233,0,dīvitiae,50
20.9674,103.06,499.224,0,faciēs,37
14.5202,-52.0478,290.92,0,labor,50
24.4484,28.0208,-400.38,0,nimis,33
31.8615,-194.142,378.05,0,turpis,49
8.34551,-205.017,-399.133,0,spīritus,38
8.97934,-368.016,506.912,0,imperium,50
30.6103,-99.5663,561.594,0,prōvincia,26
20.5145,-47.2021,502.293,0,sōl,48
44.5903,-367.782,575.095,0,altus,20
14.0926,-76.8114,271.86,0,ercēre,41
17.7996,32.6959,430.523,0,uxor,50
22.4268,171.041,501.396,0,sacerdōs,36
17.1717,320.08,-241.864,0,stella,27
15.4637,-28.1289,453.167,0,parēns,33
8.55497,-365.776,499.404,0,aeger,50
22.4783,-366.623,537.146,0,levis,25
8.67133,-373.263,546.758,0,quidem,50
67.5033,-367.305,-124.834,0,nōs,9
16.3183,-85.0431,-475.399,0,quiēscō,42
42.0619,-287.377,-255.37,0,quā,28
25.8191,204.41,-27.2092,0,ops,50
16.3363,208.948,411.793,0,castus,39
26.194,-368.665,112.031,0,trēs,23
20.7092,-369.552,249.313,0,dīvus,39
17.9055,197.846,313.401,0,mōns,50
8.59341,-101.076,337.263,0,latēre,44
16.638,260.735,219.287,0,cursus,25
21.8147,285.611,500.194,0,cohors,35
16.9061,71.6208,-69.1486,0,avis,50
16.6023,58.6551,-30.446,0,plērus,34
8.46704,-373.311,434.484,0,umquam,50
8.95663,196.103,-406.549,0,augēre,50
19.1708,98.1482,-448.886,0,iam,24
19.6682,-316.391,-286.927,0,vetus,21
18.2019,-126.847,-193.81,0,terrēre,25
8.49086,-369.751,423.221,0,dīves,50
14.1206,-2.78873,-411.494,0,mēns,39
17.2831,160.334,137.278,0,cōpia,42
15.8031,187.323,80.7823,0,nātus,32
14.5485,24.5266,489.942,0,dux,50
33.3763,99.0138,-287.179,0,rapere,23
36.6266,348.922,286.323,0,validus,38
19.6589,-77.2859,266.036,0,suus,29
13.5971,63.9135,-225.805,0,superī,50
13.3574,-372.379,521.683,0,pater,50
16.2223,187.72,9.89062,0,pectus,26
8.60657,64.7762,-41.5922,0,littera,50
15.9504,217.578,-134.117,0,posteā,32
17.4477,-366.82,-264.777,0,sulere,37
14.2646,31.0598,398.479,0,sors,50
22.4054,-367.544,232.471,0,super,40
102.249,83.6284,-591.826,0,urbs,14
24.4692,200.635,-162.012,0,mīror,28
12.9727,-230.47,-370.857,0,nūmen,32
43.4373,352.121,-296.392,0,eques,27
21.9058,90.308,-310.225,0,alere,38
16.4577,206.884,262.183,0,prīmus,40
16.5293,4.02469,-464.632,0,facilis,41
8.18886,-367.232,172.452,0,ingrātus,50
94.4871,338.299,137.794,0,nōndum,12
33.3159,-369.351,-367.247,0,mūrus,13
15.6486,-307.539,298.725,0,quārē,34
25.7498,-234.002,-394.475,0,fruor,31
15.3569,45.4872,-288.752,0,vōs,43
20.1344,-369.422,137.74,0,tūtus,21
18.0078,197.086,-38.9888,0,mōs,48
8.91035,69.9837,-405.229,0,moenia,48
16.7584,-74.5538,-394.104,0,sed,50
21.6913,-313.268,-182.502,0,quis,22
14.9301,-85.1458,-204.598,0,ferrum,35
12.2041,-156.764,-341.848,0,suprā,50
14.2302,166.457,-84.6428,0,humus,35
44.1304,-371.353,300.261,0,color,46
12.4476,81.0644,125.875,0,genus,41
8.37415,-153.059,431.605,0,aequor,49
12.7847,-89.3227,513.438,0,ecce,46
12.514,-106.548,-472.37,0,patior,39
8.19671,-370.198,-371.049,0,deinde/dein,26
16.555,23.3986,481.251,0,item,37
8.17702,-292.874,-238.255,0,scelus,39
15.7608,-95.9314,515.035,0,aciēs,37
12.7379,-117.606,304.942,0,vulnus,36
12.3262,29.8143,-341.318,0,lapis,37
8.43666,-33.4804,543.784,0,fidēlis,33
8.15379,231.604,257.807,0,extrēmus,50
26.7748,-369.796,-321.765,0,lātus,13
12.4604,259.871,354.389,0,tam,49
8.63141,33.5286,-117.402,0,superus,50
19.301,197.091,39.1891,0,ideō,27
8.0154,92.9801,256.446,0,nōbilis,50
10.243,102.903,432.798,0,tegere,50
8.90649,168.322,-252.226,0,prōcēdō,49
27.9115,-368.337,253.98,0,ūtilis,43
12.8812,179.444,-295.586,0,quīppe,50
8.76107,-105.665,325.948,0,quoque,46
8.03419,213.054,453.409,0,decus,50
17.5303,1.78674,384.517,0,coepī,34
19.773,-369.251,420.804,0,lītus,41
16.8272,-373.493,-150.734,0,iūstus,21
8.46329,183.229,-430.868,0,impetus,37
49.1642,-373.234,92.3228,0,arvum,14
15.4845,-372.73,493.234,0,rere,50
7.81995,-361.548,173.464,0,pietās,50
12.2354,-129.395,-173.893,0,singulī,31
15.6823,93.1848,-4.85876,0,cum,38
8.48186,-370.509,406.689,0,sistere,50
11.9756,-114.588,-472.859,0,cōnsūmō,47
20.9876,-90.6436,236.947,0,aperīre,29
16.2362,48.1916,308.73,0,etiam,31
12.5318,98.1047,-139.209,0,inter,50
15.4563,65.7655,-226.632,0,vertere,46
12.7648,147.376,205.224,0,legiō,39
18.6065,-343.037,-435.568,0,nōn,31
8.25287,209.657,432.116,0,vultus,48
7.55325,215.146,-22.8199,0,linquere,50
38.7947,99.252,-334.336,0,tribūnus,25
8.6445,-208.403,450.359,0,utrum,49
16.675,-36.4639,313.336,0,quasi,44
30.7503,-374.242,588.354,0,iūdex,25
8.30549,98.7115,-313.941,0,quam,41
12.8008,-372.933,541.846,0,potis,50
11.7677,38.6888,-278.628,0,subitō,43
11.6812,-215.927,490.672,0,patēre,45
33.8793,-361.898,-401.026,0,sānus,9
8.65926,179.942,-355.926,0,sermō,50
46.846,312.39,98.2487,0,cidere,11
34.7655,205.496,-501.073,0,praeda,12
8.05,78.0617,116.014,0,venīre,50
34.7633,-45.4332,-478.768,0,annus,32
8.85952,-0.800751,-415.941,0,senātus,37
8.59941,70.6651,21.0096,0,aliēnus,49
8.54895,254.344,384.567,0,imāgō,50
19.7251,-372.754,-203.893,0,miscēre,16
18.5055,-22.094,-24.65,0,pudor,34
8.19597,93.0964,-317.074,0,auctor,50
8.66954,187.797,544.943,0,fallere,42
8.01092,-52.4753,-253.089,0,sīdus,48
12.6362,81.7235,283.492,0,dīgnus,35
8.53374,63.9809,509.01,0,libēre,46
12.9297,171.418,-77.9692,0,fortūna,28
12.4435,-372.489,-16.4708,0,nimius,30
8.55294,171.008,-183.579,0,nemus,50
11.19,284.872,-30.3774,0,saepe,30
23.2566,-219.865,-238.866,0,dolus,16
7.42688,-372.817,525.663,0,superbus,50
8.94635,-72.4283,-396.1,0,nūllus,50
8.74138,-68.0647,575.066,0,amnis,50
12.3308,-35.5656,545.198,0,gīgnō,39
12.4556,71.0324,-88.2552,0,vagus,46
8.65583,15.2724,-153.604,0,famēs,50
12.8024,-373.881,205.315,0,damnum,49
21.0912,212.067,68.118,0,fluere,21
23.006,-281.717,-293.732,0,ūsque,22
8.88074,-372.403,362.999,0,pauper,50
6.81543,-370.173,375.868,0,gaudēre,50
16.3174,165.383,95.581,0,ante,50
20.9441,-128.844,-177.181,0,nec,46
8.06741,-0.348511,-95.4337,0,canis,45
21.5032,-43.6631,42.2554,0,aevum,22
24.2544,105.393,350.968,0,fōrma,21
16.5899,-129.86,548.922,0,iūdicium,30
8.92776,296.606,-189.747,0,tandem,36
52.5619,290.216,627.558,0,bellum,26
8.98386,74.0218,69.0642,0,orbis,44
18.9817,81.3456,-437.178,0,vulgō,27
12.4663,0.469879,-4.79639,0,aliquis,36
18.2517,-372.901,187.193,0,ūnus,42
7.0014,151.373,170.971,0,commūnis,50
16.6419,71.8792,-227.8,0,māter,43
7.84793,159.058,142.876,0,pūgna,50
8.22804,31.3234,403.42,0,cōgō,50
8.39303,-83.1516,-4.80432,0,spondēre,36
6.00469,-198.508,535.525,0,cēterum,50
25.4713,-366.772,296.118,0,hostis,32
16.0397,-373.095,283.789,0,templum,48
8.64307,187.73,-431.471,0,audēre,50
11.5116,147.054,219.053,0,satis,47
12.2053,117.606,-237.582,0,inde,42
7.98287,-71.2357,566.64,0,ōrātiō,50
12.6319,185.694,453.816,0,oppidum,22
12.9748,-122.833,600.142,0,nūdus,50
13.0753,-372.305,123.985,0,ārdeō,29
8.36042,-207.804,494.6,0,aliter,45
15.5904,168.279,-306.471,0,mālō,50
13.7787,-368.644,177.98,0,velut,43
8.46542,-49.5455,-239.529,0,puella,48
12.0522,-373.042,480.193,0,ūllus,46
8.55164,-94.7389,-461.837,0,sedēre,35
8.44501,5.32928,-160.205,0,manēre,50
8.9477,-142.565,-332.867,0,regere,50
8.97335,-370.912,167.208,0,audāx,50
23.9227,170.712,433.157,0,centum,16
8.51473,179.762,-356.639,0,ēdūcō,50
18.8334,-215.602,490.77,0,via,44
23.3348,364.407,-136.763,0,scrībō,40
8.60828,12.5366,-176.463,0,inimīcus,50
28.5015,123.341,-110.522,0,reus,30
7.11173,-140.602,-364.83,0,nōmen,44
8.79129,88.7288,-158.586,0,aliquandō,50
8.81311,-371.658,513.763,0,aequē,48
14.5377,220.742,601.538,0,furor,44
8.65737,256.108,348.575,0,aethēr,50
28.1167,-157.026,-260.245,0,vacuus,17
12.5376,-371.286,-83.9582,0,soror,40
24.6141,64.4446,-28.0447,0,rēs,18
53.5722,-366.41,-328.413,0,īdem,6
19.7434,-280.778,605.794,0,frāter,33
8.73395,-371.848,-275.796,0,contrā,39
16.5976,58.9937,-43.2647,0,quia,50
18.4891,-164.402,366.642,0,medius,41
15.1921,-233.788,-372.058,0,plēnus,27
8.53516,221.113,-448.716,0,iugum,31
14.5394,-47.1768,-292.919,0,num,39
8.27475,-373.354,471.26,0,merēre,46
8.5176,205.925,-32.8314,0,hiems,50
7.73749,194.995,-423.394,0,custōs,50
15.3478,-293.507,567.535,0,tener,23
7.8871,67.3911,-401.179,0,albus,50
12.3238,67.6519,115.047,0,vanus,37
8.81611,-367.459,580.944,0,volō,50
7.76716,-55.5734,73.9547,0,occīdō,45
8.88897,192.331,75.3863,0,scendere,41
8.47822,194.966,7.99756,0,vincere,50
13.1119,-92.696,522.085,0,sinus,43
8.99203,-368.48,254.454,0,dōnum,50
8.81016,119.696,-466.755,0,odium,50
8.68912,-72.2258,565.73,0,niger,50
11.9433,-370.238,531.953,0,ratiō,50
8.00751,-18.0239,526.135,0,pius,50
22.6047,356.429,131.325,0,nāscor,29
16.8874,76.8632,40.0799,0,longē,36
8.44421,-361.93,440.901,0,glōria,50
7.17919,-367.116,178.811,0,caput,45
17.9556,282.409,409.519,0,male,32
8.73255,-369.901,-522.856,0,sinere,37
12.562,129.535,-409.445,0,mollis,50
17.1373,166.1,306.424,0,honor,26
12.17,-369.787,170.001,0,cūra,41
21.5405,353.584,50.2635,0,tertius,40
7.17193,-292.394,-245.405,0,cōnfiteor,50
14.7783,22.084,-114.338,0,vērē,43
26.9063,-31.618,-193.357,0,vitium,16
7.33582,149.525,206.024,0,integer,50
12.3921,66.7628,-401.729,0,nōtus,50
18.7318,350.598,189.515,0,laedere,22
12.2437,219.012,-136.383,0,amīcitia,43
8.53798,177.888,-350.488,0,decēre,49
18.3518,-123.46,-192.651,0,celer,34
40.9938,51.4012,168.397,0,rūrsus,16
12.3752,41.5854,450.965,0,aqua,37
12.3453,172.681,-68.767,0,caedēs,28
29.6393,-373.952,-487.877,0,sonāre,11
7.1502,-304.886,322.798,0,autem,41
17.7175,-115.199,-466.005,0,prōdō,28
18.5367,-84.6747,270.102,0,pāreō,26
15.4138,176.267,-192.009,0,ēdīcō,50
7.64895,195.548,233.688,0,postquam,50
12.6961,-373.087,464.632,0,trahere,50
110.988,361.211,590.909,0,parcere,28
8.45294,334.6,355.82,0,studium,39
12.2811,217.62,48.3727,0,sōlus,25
8.51304,174.305,514.975,0,virgō,50
23.7827,-178.617,39.1692,0,nūntius,18
16.2387,211.022,-477.864,0,prex,23
8.95783,-313.469,-584.512,0,arbitror,25
8.28306,191.666,-427.804,0,ōtium,40
18.5533,334.586,417.195,0,cernere,25
6.56651,-113.107,600.502,0,vidēre,50
8.65715,206.176,-287.797,0,frūmentum,44
14.8539,49.1603,206.077,0,concēdō,23
8.17699,173.762,-259.619,0,ingēns,50
11.5738,-49.9347,487.536,0,prōpōnō,40
16.3249,-82.1119,-54.8446,0,afferō,29
13.3227,128.297,-400.645,0,crīmen,36
7.46628,27.0678,383.074,0,statim,49
23.0127,-372.121,277.556,0,cadere,46
12.9622,149.628,401.04,0,simul,38
7.16779,68.2584,-389.412,0,sēnsus,50
8.98415,-105.331,330.932,0,caelum,50
12.5804,-92.2216,512.5,0,auris,33
7.38707,216.781,364.813,0,currus,50
22.7124,46.0333,298.089,0,fugere,21
27.4335,338.272,281.977,0,nunc,36
11.1307,130.326,-422.603,0,dum,50
8.37469,-53.5816,9.05438,0,turba,50
12.2579,29.2363,370.709,0,mora,50
25.6014,-374.432,271.328,0,queror,32
7.97588,186.259,-434.872,0,prōsum,30
8.78872,67.396,-402.299,0,familia,50
7.09639,115.378,-245.356,0,epistula,46
111.797,252.002,-499.633,0,modus,4
16.2786,-208.128,-497.802,0,officium,24
12.0063,81.5502,80.9357,0,crēdō,38
11.2902,-36.2308,120.446,0,vērō,45
21.8966,271.479,97.1959,0,fluctus,20
8.2686,-370.183,306.484,0,animal,50
8.50486,-103.365,243.686,0,rēgnum,50
17.2855,158.924,-92.9894,0,aureus,13
12.5502,-372.366,165.89,0,sine,42
8.70267,245.481,521.062,0,fessus,40
8.05086,182.39,-299.946,0,canere,50
8.87132,90.4412,-323.806,0,necesse,46
8.06433,87.3399,-483.142,0,victōria,44
8.42116,-103.47,335.507,0,valēre,50
8.91453,-49.9488,499.147,0,cōnsul,43
6.05808,151.284,147.26,0,ostendere,50
19.0134,58.0006,146.587,0,vērus,22
18.6757,-201.375,-0.748352,0,metuere,26
7.00793,-372.521,344.191,0,ultimus,50
8.41101,-149.245,200.258,0,sepulcrum,22
12.0009,160.005,-311.687,0,certus,50
11.1788,162.713,125.611,0,māiōrēs,38
8.14848,-208.035,478.951,0,aptus,50
10.7547,104.859,-468.25,0,dēsum,34
7.45681,187.442,-436.776,0,tempus,50
7.03373,173.654,-447.781,0,pellere,49
8.86915,-71.8622,409.152,0,fortis,50
7.4233,69.6024,-407.482,0,differō,50
81.3628,298.501,473.929,0,parvus,10
8.30395,-229.357,-365.17,0,astrum,29
8.04451,-370.14,-244.704,0,dulcis,39
8.69534,209.571,59.281,0,facere,50
115.687,366.239,406.579,0,loquor,45
7.4508,-105.504,179.842,0,culpa,46
20.0326,-35.1824,545.275,0,gradus,25
9.67757,93.2426,-267.664,0,pulcher,34
7.22191,27.575,-345.078,0,sēcūrus,42
6.32103,248.938,529.083,0,speciēs,45
16.6151,180.358,-220.207,0,ingredior,24
7.6029,-102.326,320.139,0,scientia,35
8.66072,-158.145,433.88,0,domus,44
7.38021,-74.0394,-69.9563,0,undique,36
8.10867,-78.5105,-60.9888,0,recēns,50
8.85933,196.456,0.997253,0,decem,50
16.6059,-368.025,234.784,0,iniūria,30
8.97845,-21.3068,207.916,0,varius,37
7.02559,33.1652,-89.589,0,clārus,50
7.60417,-197.435,522.273,0,adsum,44
13.5489,-88.5528,219.573,0,mīles,36
8.75754,-13.3213,-26.5887,0,vōtum,50
7.41498,-371.884,169.333,0,cōnferō,48
8.46467,107.692,-451.597,0,amplus,37
124.075,369.373,6.2923,0,flamma,34
7.50881,39.4469,435.945,0,quantum,50
15.5437,-371.616,158.637,0,nihil,38
18.6728,293.859,-476.612,0,carmen,15
8.17119,-21.7592,202.803,0,aedēs,45
8.05541,30.8471,-123.326,0,certē,50
12.71,-46.7846,-477.913,0,tardus,32
6.4219,-196.564,-400.705,0,sānctus,47
8.76156,77.6608,-194.416,0,cōnor,25
8.43608,-3.48447,-100.137,0,precor,46
12.7147,-371.318,26.2077,0,pecūnia,26
7.33893,-373.471,428.148,0,secundus,42
7.58714,-370.99,196.987,0,volucris,50
8.51535,-370,-531.001,0,cīvitās,41
17.218,-368.142,-544.006,0,coniunx,26
8.46622,-373.286,597.8,0,aetās,50
8.21687,-370.235,583.95,0,circā,48
7.56579,-22.4294,534.092,0,quantus,31
7.00057,30.7837,-463.107,0,clāmor,50
6.27604,-38.8852,-362.852,0,fendere,42
12.3094,264.854,357.651,0,dīcō,50
7.12837,177.646,432.527,0,malus,39
7.01436,152.162,131.883,0,proelium,49
6.90313,95.7087,-320.474,0,lacrima,41
19.5529,-162.215,217.856,0,perīre,18
20.1306,-5.01694,396.899,0,iacēre,28
8.73092,250.817,196.854,0,experior,21
8.10751,78.3195,591.202,0,honestus,30
8.64114,213.058,486.728,0,marītus,39
9.31222,42.6472,-299.649,0,metus,42
12.5783,91.0775,-345.192,0,unda,50
8.82724,-368.019,174.237,0,rārus,50
49.9016,-354.608,-187.637,0,bonus,5
8.86547,-101.989,525.633,0,aequus,34
6.07154,87.7543,-27.6592,0,claudere,48
11.6343,309.01,-128.055,0,capere,35
28.2325,75.4401,234.235,0,manus,32
8.66697,-202.037,-406.274,0,gravis,31
8.09851,224.453,-223.301,0,fēmina,42
56.7097,-17.8896,-562.71,0,forum,5
22.5343,-371.707,591.098,0,error,32
8.87919,228.26,-344.966,0,pretium,32
6.42157,-72.4366,196.022,0,exsilium,43
5.52231,-286.892,-252.038,0,sanguis,45
7.50298,252.695,516.101,0,nēmō,37
8.42742,-372.162,193.029,0,beātus,50
8.74486,311.005,-419.954,0,longus,25
12.0674,-74.5418,-402.235,0,onus,49
8.58489,266.318,-305.852,0,pūblicus,26
59.952,332.844,-11.4592,0,uterque,16
8.47858,-60.3199,-254.78,0,cēnseō,48
10.2492,98.0321,525.617,0,neque,38
8.85013,-34.7406,96.9669,0,opera,39
8.03383,-80.5037,560.479,0,beneficium,49
7.11747,42.6067,427.649,0,parere,49
8.27316,170.648,-280.798,0,quattuor,33
8.46625,-298.191,-371.685,0,tangere,28
8.91778,-369.183,304.837,0,īrāscor,50
7.35826,82.7553,589.045,0,candidus,46
8.86719,-11.849,-192.671,0,prīnceps,36
45.9597,-358.935,-588.447,0,grātus,5
12.7921,83.4417,126.009,0,anima,40
8.02141,-370.367,396.572,0,moror,48
8.88555,178.989,90.5192,0,servus,33
16.7653,-372.401,454.939,0,procul,29
8.76498,-108.867,-105.137,0,licēre,50
6.23853,-368.563,427.18,0,praeter,50
8.92943,255.658,342.047,0,interim,31
13.3053,-273.1,-13.5931,0,poēta,25
7.27177,31.6552,-337.475,0,socius,50
15.7336,-368.624,235.587,0,causa,40
6.3178,-33.6284,548.903,0,castrum,43
29.3948,-206.768,453.903,0,dūcō,43
12.0802,-374.843,14.6967,0,praetor,22
8.10174,-88.4716,505.55,0,cavēre,40
8.42537,-126.297,545.639,0,senex,42
7.45835,71.0635,112.556,0,perpetuus,44
8.65995,238.162,510.03,0,nōscō,40
10.0961,62.1081,505.466,0,orior,48
8.28691,268.17,-421.729,0,mulier,32
7.51007,116.573,-366.264,0,saeculum,44
22.4242,281.678,312.87,0,mūnus,14
7.7873,223.566,-18.9332,0,noster,50
9.33529,25.427,360.945,0,morbus,40
8.42653,-101.497,313.819,0,nāvis,50
20.3566,243.9,221.586,0,possum,13
13.884,-35.1093,109.702,0,iacere,34
10.474,69.8046,273.822,0,coma,35
8.3025,-340.79,222.528,0,tēlum,46
8.71491,191.427,77.886,0,īnferus,43
7.09118,11.0884,-149.121,0,forsitan,50
19.3945,-369.646,-390.978,0,iubēre,12
7.93409,-85.8406,-319.901,0,cingere,44
7.86567,191.26,539.435,0,saxum,36
8.62083,-371.443,247.137,0,multus,44
6.40569,28.4774,485.253,0,iterum,50
6.51111,266.199,387.978,0,praesēns,50
7.53559,-67.0293,403.874,0,sacer,50
7.9644,83.858,221.742,0,sīgnum,50
5.85018,106.048,-310.064,0,numquam,50
7.42198,-198.117,507.982,0,dīversus,43
7.98435,67.7441,-413.404,0,difficilis,50
7.98837,27.8159,98.6315,0,pōscō,50
8.07257,64.8177,27.0847,0,morior,50
7.39055,-130.147,-425.466,0,dexter,41
7.82702,-373.81,239.924,0,quoniam,50
8.85026,-347.461,-445.524,0,compōnō,27
7.43174,165.052,579.134,0,caelestis,35
7.8473,24.2481,93.8231,0,recēdō,40
8.0153,166.748,520.694,0,breviter,34
7.52848,161.819,172.372,0,invidia,50
7.61205,-133.684,-423.702,0,tantum,48
6.47619,-283.308,-560.765,0,necessitās,44
8.19626,-373.157,507.364,0,poena,44
17.549,-204.848,493.323,0,prīvātus,22
12.0397,153.887,193.483,0,prope,29
8.70539,-83.0412,-329.592,0,vīnum,40
8.54939,-90.489,-465.193,0,sōlum,49
12.0115,197.309,-415.167,0,aeternus,27
11.7309,-373.955,-586.554,0,miser,36
8.45391,27.7046,489.994,0,victor,39
7.05021,-269.687,-125.565,0,temnere,35
8.48344,-281.055,-261.093,0,sūmō,46
8.49669,-72.4546,195.04,0,quamquam,23
7.88225,182.151,-352.049,0,dominus,43
7.30371,27.0448,493.248,0,brevis,50
10.3278,-167.549,358.427,0,vinculum,33
27.4225,-369.406,531.755,0,ignis,17
5.50092,-24.9459,-18.6409,0,dēnique,50
7.75929,323.572,-284.04,0,quondam,24
8.0258,-12.5838,-427.569,0,ventus,50
150,363.741,-508.452,0,foedus,15
10.9593,111.045,187.932,0,perīculum,24
20.6368,-369.411,-292.932,0,parum,20
8.66153,56.9162,511.852,0,habēre,35
7.18357,-169.219,561.476,0,fundere,50
8.18349,-54.6639,-244.583,0,trīstis,47
7.98016,93.9538,-320.949,0,propter,50
7.40225,2.40787,-418.805,0,maestus,43
7.72744,-10.6985,-74.434,0,meminī,36
7.13275,193.272,230.601,0,somnus,36
7.92353,259.037,483.637,0,quōmodo,44
7.23623,298.188,-194.852,0,sustinēre,29
7.68106,-21.0273,-21.6494,0,corpus,50
9.22524,214.758,-167.492,0,praemium,29
8.597,21.8176,557.443,0,gladius,25
8.48087,-373.928,188.775,0,ēgredior,50
8.37232,-137.374,377.387,0,saevus,50
7.24903,-102.524,177.811,0,mēnsa,50
7.78919,81.7622,85.1907,0,prīmum,42
7.02978,-368.152,-538.491,0,dōnec,34
82.9254,346.388,183.401,0,proficīscor,6
8.44625,-309.018,-493.475,0,verbum,30
8.5625,268.482,-429.746,0,sequor,25
7.61072,233.768,-365.888,0,tellus,50
13.1216,254.4,271.171,0,sapientia,16
29.2649,-269.582,161.844,0,cōnsilium,8
6.33185,86.8052,251.372,0,multitūdō,41
19.4082,-26.0764,-313.73,0,flūmen,17
6.70835,87.8241,-164.458,0,populus,41
7.31998,-371.098,-329.768,0,praeceptum,27
10.8645,173.475,-206.498,0,hūmānus,35
6.37244,-121.208,-262.085,0,membrum,40
5.6112,66.1369,-39.8386,0,quisquis,39
6.86121,122.135,-462.527,0,reliquus,50
8.57547,244.62,381.105,0,memoria,26
8.5687,-105.073,-451.441,0,pergere,40
8.7169,-233.286,-264.306,0,prōtinus,24
7.75811,293.352,431.47,0,convīvium,29
8.27711,-59.8328,69.5051,0,hospes,41
8.07654,296.639,-184.963,0,animus,24
5.18821,-2.50876,67.923,0,cōnsequor,35
18.4934,108.415,-168.302,0,oculus,41
6.12895,-18.8044,306.386,0,tenebrae,50
4.30606,31.2425,-497.456,0,supplicium,50
6.007,-120.975,-52.267,0,intersum,40
4.58929,245.903,418.75,0,exercitus,50
6.7549,-194.681,518.085,0,cūnctus,47
14.5505,-371.704,214.647,0,dēdūcō,35
6.88362,161.271,-128.732,0,praesidium,50
10.0964,-150.631,-269.409,0,proprius,30
6.20717,28.1463,-348.636,0,praetereā,43
7.70051,196.85,232.667,0,spatium,50
4.19146,212.635,340.934,0,cōgnōscō,50
7.16737,-97.4495,-226.537,0,quemadmodum,29
6.16853,-110.975,441.343,0,supersum,40
19.4029,161.587,168.241,0,ibi,35
14.3711,67.2682,-64.0753,0,mīles,33
11.2104,-207.383,-158.991,0,ille,49
16.0919,117.169,392.78,0,mōs,27
17.7895,-21.4554,315.722,0,rūs,42
14.4941,-374.243,575.34,0,dux,37
16.6511,210.763,320.717,0,laus,50
23.7393,165.6,288.038,0,ut,35
8.35478,-369.243,385.309,0,cōnsul,50
16.1152,54.9654,36.4863,0,valēre,28
12.1561,226.181,-453.453,0,que,32
16.212,218.881,48.6774,0,fax,44
8.90572,-232.866,-357.031,0,hiems,22
7.97601,241.577,-323.384,0,hīc,50
12.1557,-130.524,-417.272,0,mox,26
19.9476,-83.6289,88.8734,0,aura,18
7.59672,-31.2016,-303.615,0,māter,50
11.2172,-370.41,179.596,0,anima,50
18.198,67.3409,-395.935,0,lēx,35
37.9962,-302.841,330.333,0,seu,32
15.5898,270.793,-297.354,0,avis,27
8.45666,-372.917,486.952,0,dexter,45
15.2426,-119.747,598.233,0,gīgnō,32
13.266,163.262,127.976,0,via,48
8.96923,317.303,-424.615,0,aeger,28
8.50854,-66.5219,570.351,0,citus,50
34.2048,51.4087,-223.35,0,fors,26
43.2662,369.308,-101.997,0,ōtium,34
7.04306,157.946,-402.769,0,mollis,47
7.48381,35.1773,-340.968,0,sīcut,50
7.9884,-65.52,-389.103,0,senex,44
15.7315,304.328,206.442,0,ipse,22
27.5017,178.404,-61.7275,0,tot,20
8.52549,-115.885,594.689,0,vōs,48
9.44604,-162.762,-293.814,0,praeda,50
12.405,-174.301,553.495,0,quō,36
8.37546,-372.939,372.883,0,cēnseō,50
6.76603,-371.395,380.964,0,castrum,50
14.3481,-370.86,557.928,0,rīpa,50
18.5203,-369.147,-457.701,0,arx,33
8.05036,180.23,-182.026,0,sed,47
8.73719,-108.788,444.118,0,magis,42
8.0561,-367.779,389.735,0,patēre,50
8.97844,214.105,55.5844,0,diēs,38
7.60933,235.381,-361.081,0,ūllus,50
26.1518,69.0889,291.438,0,iūs,27
8.36977,219.844,-466.825,0,cēdō,31
7.03196,65.7237,-45.429,0,forte,50
7.81361,49.4368,-290.44,0,forsitan,50
12.9745,-372.447,391.771,0,ratiō,50
8.15501,-366.91,445.76,0,ficere,34
9.06765,28.0798,365.441,0,inde,38
6.20161,-210.735,-391.075,0,quattuor,49
14.224,-166.834,-486.142,0,ops,23
13.2606,-371.744,313.241,0,ferus,37
8.07575,-70.1293,580.99,0,prex,41
7.49503,-11.6355,361.526,0,liber,50
17.7201,309.344,-249.794,0,canis,25
18.1945,-363.052,51.0276,0,per,12
8.02105,-367.758,435.132,0,exercitus,29
14.8366,173.566,-244.965,0,reus,19
13.6186,-142.599,-377.684,0,ūsus,28
8.60629,-372.538,360.138,0,laedere,50
21.5876,-351.388,-99.3783,0,saevus,10
8.12464,333.836,-69.4337,0,sīdus,25
8.59605,-372.454,200.003,0,ecce,50
23.3091,-156.121,-190.352,0,prōsum,16
7.61556,90.0509,-488.58,0,tardus,50
16.2975,201.61,-486.652,0,pius,25
8.60629,69.3899,-498.631,0,īdem,29
20.896,205.431,35.7823,0,dum,23
20.3018,168.974,515.852,0,vir,26
6.11143,-9.87585,-399.065,0,patior,50
28.9858,92.7592,265.458,0,vehere,16
72.9158,-372.181,-404.641,0,āra,4
7.3799,-180.401,512.502,0,nūdus,47
8.67276,-38.8508,-365.961,0,rēgius,48
12.7184,42.8208,-277.607,0,neque,50
12.9144,222.605,254.433,0,lībertās,42
17.1586,-133.664,545.462,0,quā,27
16.5631,-133.706,-423.476,0,sīc,42
47.1938,-217.811,-538.261,0,unde,10
9.94348,64.1971,-193.651,0,condīciō,34
14.6042,-50.7087,291.634,0,igitur,25
10.7423,-264.415,-319.068,0,tōtus,30
8.37604,-192.87,-411.208,0,iam,44
12.6056,98.6617,-316.201,0,sub,50
7.93418,178.028,-6.09045,0,sinere,45
19.9949,17.4723,-496.264,0,fīō,33
7.00777,-93.0285,167.162,0,plēnus,50
7.86247,272.195,435.264,0,legiō,50
7.02573,185.077,-294.319,0,latus,50
15.2899,64.2436,-193.129,0,igere,49
8.75279,17.5974,-108.918,0,auxilium,40
16.6755,-92.5873,-218.286,0,nōn,35
8.99601,-14.0913,601.662,0,nam,50
7.46768,-17.5877,525.253,0,vertere,35
18.1208,-49.1798,293.1,0,pār,23
8.62522,-212.155,-380.813,0,num,47
8.86917,-374.32,-308.287,0,rārus,38
8.82902,-369.486,303.535,0,ācer,48
7.71496,-32.1336,552.647,0,cārus,50
7.04009,-370.666,7.29279,0,grātia,39
15.932,17.2996,-156.158,0,for,50
7.9087,-38.7881,-494.164,0,satis,29
7.47761,-203.715,475.423,0,ignis,47
7.1126,37.7767,399.941,0,tamen,46
8.79735,-86.2929,-460.08,0,flōs,50
7.06939,-368.872,-239.199,0,scīlicet,45
8.55022,-96.1955,150.782,0,capere,37
6.18302,-371.797,549.8,0,tangere,50
8.6053,149.765,496.772,0,vērē,49
18.5444,-208.182,-89.3388,0,aut,23
12.687,-86.7491,230.017,0,reor,34
8.7342,9.92325,-172.57,0,niger,35
13.4994,94.5661,-4.6059,0,levis,40
8.35498,215.626,482.333,0,cipere,45
8.16665,139.038,-266.888,0,ēdō,40
12.3278,-374.676,-281.067,0,pater,33
7.15133,246.135,-152.401,0,littera,35
52.2002,39.7131,59.9583,0,ubi,13
11.1419,186.364,-151.28,0,varius,50
10.2062,-214.621,-237.332,0,quī,43
12.2569,308.721,604.791,0,poēta,50
7.51033,129.767,-119.688,0,ōdī,41
17.3474,288.313,183.223,0,cor,20
10.8732,-15.6678,-396.703,0,post,40
8.9638,113.806,600.559,0,sine,42
8.55116,-195.122,-400.986,0,ars,50
8.79845,117.61,-241.816,0,ager,39
35.4164,-237.832,473.377,0,aiō,23
8.70723,309.372,484.993,0,volō,43
8.13197,-367.903,163.951,0,rere,37
8.80043,171.894,252.736,0,ēligō,50
13.1513,-27.8563,-321.192,0,ego,34
8.10659,-71.1438,-211.891,0,vērus,32
8.2076,-151.833,429.194,0,tinēre,50
7.11612,82.1817,71.4767,0,mors,40
9.41196,2.00635,-42.6492,0,ōrdō,44
11.0653,141.378,-416.122,0,vīs,50
8.03361,249.173,526.501,0,vanus,50
8.79732,-73.6346,-403.245,0,aliquis,35
8.37201,136.224,489.626,0,fateor,34
8.50624,-75.6775,-405.406,0,parcere,47
8.81041,-371.969,501.984,0,fluere,45
8.03593,-374.517,417.95,0,aurum,46
7.36084,171.492,431.971,0,plērus,41
16.0213,11.7181,-158.336,0,iter,31
8.19372,-110.009,-261.853,0,fīlia,34
24.7962,-310.978,-560.485,0,sacer,18
12.0788,206.797,-34.5596,0,tālis,26
8.73948,-1.10291,-275.699,0,āēr,42
7.59569,-285.014,373.016,0,adhūc,47
7.35327,276.856,-257.358,0,homō,35
7.55216,-370.474,158.334,0,vitium,50
11.238,-159.237,407.474,0,moror,44
7.42465,71.5506,-409.627,0,glōria,50
21.1909,-373.878,-433.531,0,auris,16
8.46893,36.0909,-93.0472,0,orior,49
8.94261,-94.8143,-467.286,0,mulier,44
8.34542,179.39,-353.939,0,venīre,43
12.5761,168.688,-98.6621,0,illīc,31
11.9601,33.8416,-126.455,0,sui,37
13.3659,178.72,-317.576,0,ita,41
7.53335,-368.615,-57.406,0,fluctus,43
17.2039,-122.569,601.054,0,rēx,32
7.35996,231.988,-348.289,0,mittere,46
44.6714,-364.979,-174.452,0,alter,9
7.98793,-153.676,157.417,0,pontus,33
6.29314,54.2822,-248.782,0,flēre,50
6.41833,-70.4203,-66.1042,0,mēns,50
40.9477,-266.335,10.2366,0,ex,16
7.83037,-333.797,-260.087,0,negōtium,44
11.9583,-33.1877,115.615,0,iste,38
6.15407,213.596,14.6094,0,paulō,50
7.20213,-243.442,-532.626,0,malus,37
10.7452,-144.894,195.298,0,modo,26
7.24778,66.6187,306.097,0,crēscō,38
8.423,-372.848,382.662,0,stāre,38
26.0798,-361.746,-205.138,0,lūna,10
8.18237,-367.525,-493.466,0,placēre,27
8.08743,-373.328,-22.727,0,sēdēs,30
13.7238,-367.127,-89.1012,0,pāreō,36
7.54933,-36.5555,282.531,0,nemus,50
8.96509,127.273,241.245,0,ingēns,23
6.06958,-98.0222,440.031,0,quārē,34
8.4192,-11.077,-432.322,0,superī,41
8.31405,-49.2986,505.791,0,ripere,39
7.48197,77.1067,-14.6301,0,dēferō,34
7.63325,-28.6694,102.336,0,incidere,42
7.44556,-213.363,445.217,0,victor,39
9.60997,-204.86,499.52,0,vix,50
7.66918,-368.417,19.6571,0,bōs,41
11.374,4.22311,299.009,0,pēs,47
6.75711,-372.248,-252.062,0,dēsum,50
8.23484,296.648,416.782,0,vel,50
8.8816,64.0279,-417.745,0,sors,39
8.82742,64.3779,494.591,0,agere,34
8.1563,64.5027,11.3242,0,perīre,44
7.30014,67.6204,-37.7158,0,cīvis,46
8.80218,-50.4416,-477.098,0,referō,26
7.34227,248.998,522.201,0,nātus,50
12.4883,-373.262,566.144,0,illūc,50
10.5275,214.915,366.423,0,fīnis,47
7.66034,-373.044,401.039,0,nōscō,46
12.9427,174.776,588.774,0,mūnus,16
7.91601,-4.03534,-134.571,0,māgnus,41
8.67575,231.177,-364.946,0,dere,50
12.5296,-10.119,-254.52,0,nec,42
7.85331,109.277,-268.623,0,omnis,50
8.47713,299.103,-178.042,0,facilis,21
7.87578,114.722,-444.799,0,furor,47
7.07107,73.8049,22.1362,0,dūrus,50
8.61323,-371.218,323.69,0,patria,50
8.81413,-272.026,-23.8567,0,pūgna,25
8.05038,258.623,350.24,0,iūdex,50
45.7322,347.17,468.507,0,clārus,15
9.41623,182.643,-432.049,0,rūrsus,50
5.12202,200.075,234.735,0,flūmen,46
7.01891,-282.415,-266.465,0,mālō,50
8.94115,-368.823,144.966,0,vulgus,24
19.8872,207.617,411.296,0,onus,23
36.7586,-368.112,-458.287,0,salūs,5
11.749,-106.174,419.383,0,praeter,35
8.34451,-62.6982,405.454,0,lūx,43
8.88352,-210.892,-388.479,0,silva,40
8.40079,-56.7146,-231.521,0,aegrē,50
12.5056,307.432,-135.277,0,morior,25
8.73788,49.2523,455.278,0,terra,50
10.1546,-144.041,-359.715,0,statim,30
7.14369,100.873,529.938,0,facere,50
14.8036,-373.602,517.839,0,lūmen,20
7.17581,-372.538,367.608,0,sōlus,50
6.22232,-228.22,-367.751,0,decem,48
20.0151,-26.2387,-542.062,0,validus,9
7.47909,215.456,488.288,0,itaque,36
8.65635,94.1442,-351.065,0,sōlum,37
8.58628,-20.5406,304.568,0,spatium,50
7.62853,-371.685,520.781,0,ferē,50
8.51306,-208.781,438.303,0,lapis,48
7.78501,-333.296,-256.409,0,animal,30
8.3242,-369.473,440.978,0,dīcō,50
8.47986,-374.144,-363.075,0,fēmina,37
6.82726,114.25,382.482,0,aethēr,36
8.95631,124.236,-280.254,0,trīstis,43
7.31369,-231.673,-49.9872,0,ūtor,50
7.83646,-102.88,308.995,0,longus,35
8.18089,239.523,-319.977,0,pāx,49
12.9266,0.626251,280.639,0,cūr,40
8.17291,74.084,-87.6068,0,spondēre,28
7.47378,-279.352,600.698,0,fēlīx,37
7.70517,174.332,-451.294,0,contrā,32
56.4045,-16.7137,625.962,0,inquam,18
7.17954,283.424,558.282,0,invidia,40
8.06519,-122.522,-55.8145,0,rēctus,29
16.9648,-201.93,-3.21161,0,spēs,22
7.39796,-371.979,244.284,0,medius,50
6.53792,235.087,-354.389,0,apud,50
8.95177,-369.841,379.873,0,fidēs,37
8.13996,-100.594,-5.76111,0,sentīre,25
8.76517,21.1078,103.938,0,vidēre,27
7.15557,221.136,-216.078,0,prius,33
8.04468,-365.547,-556.9,0,duo,30
9.9521,175.293,-198.946,0,campus,50
12.4642,257.98,343.645,0,nox,50
7.4916,-66.564,-393.262,0,quālis,50
12.5064,-92.0856,515.86,0,pōnō,24
8.59177,-92.6394,507.324,0,comes,36
8.5199,96.9363,-154.674,0,faciēs,45
4.39339,202.338,334.281,0,cōnsilium,50
18.8178,245.623,304.559,0,aptus,23
8.03848,-232.345,-342.116,0,cidere,36
16.5841,273.396,-446.67,0,prōpōnō,19
8.40482,-370.509,-313.834,0,ercēre,28
7.83334,-22.385,535.474,0,ōlim,46
6.48872,-54.4474,76.9518,0,metus,49
8.11276,166.448,-104.627,0,aliter,39
5.29996,-84.8717,500.213,0,mēnsa,50
7.44604,59.1778,-260.62,0,occīdō,22
15.2612,205.717,80.8943,0,vīta,24
19.0772,-372.079,238.108,0,locus,24
5.97582,28.7019,189.021,0,īrāscor,40
17.7327,-370.881,209.773,0,soror,26
7.20766,338.487,-64.9811,0,ūtilis,41
8.36855,-37.4925,-540.237,0,parere,33
7.52917,178.447,119.054,0,hūmānus,27
12.823,103.324,-454.87,0,vulgō,20
14.0256,131.62,-373.472,0,dōnec,26
6.54206,-370.732,182.55,0,solvere,50
7.08357,79.5663,-376.018,0,līber,50
13.9061,-82.5769,558.714,0,legere,50
21.3309,-373.665,38.7438,0,auctor,14
8.3531,115.229,363.326,0,semel,35
7.56834,-225.083,375.956,0,fōns,50
8.60172,343.553,-32.4214,0,timor,27
13.7742,-305.504,291.201,0,genus,50
7.9137,-231.273,362.001,0,augēre,50
7.83158,29.7226,-343.912,0,suprā,37
18.6474,-72.0647,36.9513,0,similis,20
8.38259,-72.7971,-36.2258,0,classis,31
7.61203,-103.653,331.956,0,vātēs,40
8.1006,195.29,231.552,0,ferō,42
6.78603,-110.184,-75.2427,0,fātum,50
8.32384,183.124,-187.532,0,ideō,46
7.58518,80.3632,318.544,0,cum,46
7.87847,150.352,217.151,0,famēs,50
12.4423,21.2816,9.86121,0,nihil,37
8.70387,81.3009,-241.8,0,velut,41
7.74812,-135.457,371.006,0,frūctus,50
5.46171,-88.2756,94.2878,0,concēdō,36
12.8474,-230.214,-348.962,0,hic,33
7.35259,136.055,344.86,0,ōrātiō,50
7.11668,-49.6893,-251.666,0,mōns,37
27.2035,197.59,44.215,0,īra,27
8.45979,312.012,-453.118,0,accēdō,22
6.34676,63.0203,-187.249,0,male,50
8.52651,-283.442,-277.309,0,vērō,34
7.8593,-22.9891,540.649,0,rēs,50
8.0741,-5.5827,-128.715,0,afferō,32
7.92013,122.526,-473.735,0,cūra,48
7.641,-40.0647,-493.131,0,longē,45
7.71343,-226.597,-361.851,0,vagus,35
8.02724,-315.621,-53.749,0,dēbeō,30
29.7294,175.259,91.8253,0,prō,18
8.47059,133.422,-407.681,0,amīcus,41
7.03871,173.661,89.2548,0,tantus,34
10.1261,-202.921,503.91,0,tēlum,40
8.53979,-82.6828,-316.319,0,nisi,48
8.25291,66.6313,140.711,0,fēlīciter,31
12.6422,25.7035,492.339,0,tum,35
15.2628,-315.773,-583.74,0,tuus,21
8.37449,257.961,-156.327,0,pūblicus,30
4.15672,22.7744,568.595,0,vōtum,50
14.7962,-372.161,355.707,0,pecus,50
8.74554,-106.344,326.674,0,tam,37
8.36477,-268.566,-120.161,0,custōs,25
6.07779,-123.893,123.937,0,quamvīs,42
5.74448,44.3621,423.382,0,foedus,50
12.0581,186.899,14.378,0,tertius,22
7.8015,206.299,-40.3789,0,īnferō,43
8.50643,190.976,-425.519,0,sermō,47
5.58536,-96.3346,527.725,0,dēdūcō,50
5.92597,-142.088,0.581665,0,īnsula,50
7.52147,-165.997,-493.149,0,alere,32
8.99981,321.007,574.232,0,āgmen,27
4.46542,91.0127,203.893,0,quantum,50
7.22013,101.677,-136.111,0,iuvenis,34
7.61277,-372.461,535.842,0,mare,50
5.44036,228.814,-106.617,0,nōtus,50
10.217,0.846283,-36.8607,0,vōx,50
6.94895,-109.046,-95.6738,0,vincere,46
15.933,-91.9183,56.6304,0,gravis,19
6.75281,-192.998,-416.964,0,aetās,50
7.3042,252.644,266.407,0,nōlō,34
6.15451,-0.235016,-423,0,virgō,50
7.50795,105.784,437.51,0,noster,26
6.1939,41.3256,255.986,0,clāmor,42
7.64787,-136.158,-337.533,0,tūtus,31
8.78547,177.072,301.314,0,certē,47
8.32149,13.5125,-181.85,0,celeriter,37
8.24369,-373.589,166.434,0,honor,50
19.6506,43.7957,-279.567,0,hōra,33
8.03127,-370.257,-28.5181,0,pulcher,29
7.32367,74.3956,314.828,0,libēre,32
7.77511,235.971,-360.385,0,ergō,50
8.6334,-51.3611,-248.414,0,atque,50
7.35273,48.6436,-296.592,0,crēdō,50
7.05226,221.799,-472.278,0,item,31
15.8468,-226.758,546.873,0,aedēs,20
17.0912,285.352,271.908,0,nōs,20
8.9012,-271.289,-36.5916,0,aciēs,23
8.45759,-373.825,601.323,0,super,48
7.89039,-28.2332,543.877,0,puer,42
7.71814,-174.956,-236.989,0,īctus,48
8.85942,23.8425,354.012,0,familia,49
7.40944,-159.55,492.769,0,praesēns,31
8.69386,224.963,108.791,0,arma,30
8.8393,206.555,-408.338,0,trēs,50
7.92432,-74.1846,-215.64,0,auferō,35
8.26411,-102.863,-475.7,0,cernere,33
7.45733,-370.626,424.646,0,pōscō,50
6.84465,322.452,-238.466,0,adversus,29
8.42347,73.2432,59.7322,0,sīve,50
8.89542,-1.74609,65.4938,0,mīror,35
6.94026,-18.4243,210.826,0,manēre,42
7.62077,118.781,-288.696,0,saepe,50
7.65073,-237.671,-259.452,0,iubēre,37
15.4176,-123.708,553.894,0,sōl,41
7.69583,35.9442,-336.136,0,dolor,48
8.03925,26.2918,-403.464,0,diū:,41
6.88671,-372.741,392.994,0,flamma,50
17.3337,330.109,306.301,0,factum,14
30.0734,-373.763,283.323,0,fōrma,36
8.63419,-57.5846,263.317,0,carmen,50
8.99759,313.164,-3.84485,0,gradus,16
7.01506,-262.661,307.569,0,tēctum,49
11.355,-285.83,354.001,0,rumpere,26
7.71074,347.126,-165.811,0,enim,29
22.0136,-121.892,-450.536,0,uxor,17
6.18678,284.651,313.589,0,reliquus,48
6.52133,133.78,356.262,0,māteria,36
7.8178,43.7669,-366.465,0,loquor,44
7.06878,-139.73,71.0138,0,vultus,33
17.3751,4.10202,-201.838,0,ultrā,16
7.32943,-370.897,572.221,0,cibus,29
8.12821,-317.307,-93.5142,0,compōnō,17
8.73057,-241.79,-526.19,0,pars,25
8.44521,219.985,-170.169,0,praesidium,32
9.84961,229.608,-315.431,0,color,46
7.25678,-372.978,494.777,0,nātūra,36
7.50002,119.338,-127.847,0,falsus,50
8.55564,-345.521,-144.581,0,regere,21
7.58706,-287.546,559.079,0,etiam,40
8.85545,-198.326,-401.23,0,sinus,38
7.06228,318.313,-414.121,0,fāma,29
8.79156,67.6646,-42.4851,0,quasi,33
16.2158,-372.943,245.533,0,altus,50
7.53859,170.736,-452.673,0,frūstrā,50
7.33258,-40.2432,-553.785,0,nāvis,50
23.3338,181.754,458.526,0,scrībō,11
8.83557,108.478,-523.037,0,causa,19
6.51764,-104.017,-476.12,0,oculus,42
9.09335,113.822,-209.056,0,cōpia,49
13.338,-138.57,273.466,0,quīn,21
6.15702,-303.816,395.154,0,licēre,48
5.27207,39.5202,-99.6335,0,orbis,44
7.9222,203.551,-402.711,0,labor,50
7.15745,244.144,377.481,0,hortor,47
7.37758,-195.915,-408.163,0,dūcō,50
4.15731,-12.0092,-31.7044,0,tribūnus,39
8.92566,-49.2106,-238.061,0,licet,48
8.45225,317.417,-140.353,0,pergere,25
9.93179,-11.9658,-406.07,0,lātus,31
5.92247,26.4684,-209.853,0,aureus,43
8.59807,199,573.381,0,vīvō,42
8.12788,215.696,-226.344,0,fidēlis,39
11.439,16.757,-348.385,0,pudor,21
13.435,-25.0867,454.737,0,fundere,17
8.6252,-361.226,-77.8836,0,libīdō,41
8.55549,132.731,-347.149,0,queror,48
8.4666,271.484,-432.046,0,crīmen,20
7.20686,284.111,-36.3006,0,quidem,26
11.8436,-166.411,-161.214,0,aes,41
7.8682,-284.995,305.012,0,sum,50
8.78535,-192.319,-440.446,0,amor,33
8.20522,-241.424,-296.047,0,hibēre,28
7.74435,-14.0008,338.031,0,hūc,48
8.72699,-370.66,-561.531,0,cōgō,35
7.20347,-289.292,-214.764,0,quīppe,25
7.14175,-34.5685,-289.875,0,vetus,38
7.83006,279.683,553.542,0,corpus,40
4.3456,3.5701,-481.307,0,sapientia,50
4.60602,-50.4739,-300.121,0,vestīgium,50
8.67694,-146.361,-351.541,0,victōria,24
8.50521,-366.147,-188.079,0,prīvātus,22
6.2668,183.143,-346.947,0,audāx,43
13.7952,73.1659,-103.652,0,parvus,26
8.0113,-272.443,-28.6364,0,simul,25
6.87172,114.893,371.161,0,studium,29
8.33277,-366.84,-594.111,0,pauper,27
6.94118,194.641,-437.482,0,regiō,50
5.18294,-13.0323,320.552,0,dulcis,50
7.19324,280.5,-311.682,0,alius,35
8.16255,-94.4844,158.216,0,mūrus,28
7.26014,14.7287,35.5503,0,rapere,30
8.60326,-229.058,-376.926,0,subitō,50
6.17207,-372.184,-255.717,0,inter,41
7.24329,-369.182,150.186,0,stituere,41
7.11694,-372.439,116.849,0,aperīre,34
7.07225,249.247,190.218,0,integer,33
16.6917,-368.817,63.4887,0,gēns,22
7.78664,166.718,-443.884,0,bellum,49
5.99666,149.476,154.6,0,proelium,39
20.7776,-374.526,138.979,0,plēbs,8
16.0526,140.978,348.428,0,lītus,32
6.28126,125.327,320.187,0,fortis,50
19.3957,119.916,-564.599,0,volucris,6
5.44934,208.304,62.8349,0,amīcitia,41
5.23416,38.3802,431.336,0,amplus,50
4.34934,137.872,-386.199,0,speciēs,50
7.65517,-218.427,399.785,0,vestis,46
6.30386,-369.46,328.706,0,superus,50
9.15212,-119.676,130.786,0,albus,25
7.1607,-299.087,-487.378,0,nūllus,25
4.57178,-282.791,-249.642,0,difficilis,45
5.35601,-239.969,461.781,0,iūstus,50
7.37982,278.716,-288.382,0,lingua,22
6.48275,-173.349,-232.292,0,beātus,33
9.68167,-0.314606,382.66,0,necessitās,20
18.116,-282.875,-304.326,0,dīvitiae,10
7.3341,276.469,600.412,0,utrum,40
6.4261,23.2215,187.672,0,vacuus,39
7.72654,69.2947,-495.514,0,nunc,38
5.67639,-105.762,-164.883,0,arbitror,49
5.7057,-371.415,-454.843,0,intrā,50
8.78792,-141.511,-361.748,0,cāsus,32
8.45527,-46.7439,289.179,0,circā,45
7.18088,-124.352,-385.539,0,mora,33
4.67376,156.401,177.149,0,gaudēre,43
4.56046,34.3337,372.743,0,spīritus,50
7.02595,-232.263,-203.933,0,grātus,45
6.24585,-107.143,-17.8313,0,laetus,42
6.67578,-4.24081,-198.117,0,mīlle,50
4.02144,-233.488,-39.7359,0,undique,50
6.31602,-15.0105,480.205,0,celer,39
15.084,109.516,-423.316,0,prope,34
7.37239,-166.666,-156.671,0,fūnus,33
9.05942,289.513,497.381,0,coma,34
7.69933,216.158,449.59,0,odium,25
4.14477,-227.266,-562.483,0,facinus,45
5.08802,46.309,152.542,0,latēre,36
6.49425,116.824,422.371,0,iterum,36
5.80772,-207.556,480.321,0,epistula,49
6.02193,-19.3313,-394.534,0,superbus,38
7.70913,209.454,593.962,0,ante,35
14.9936,-162.548,207.166,0,puella,21
8.31321,27.5165,-344.632,0,bene,34
7.50185,-30.6517,-79.2151,0,vīcīnus,33
12.5129,-344.308,-346.468,0,tellus,13
6.46279,-27.5607,536.3,0,ligere,33
7.68152,169.25,274.502,0,testis,40
5.13475,-58.2536,-257.894,0,rēgnum,50
7.18318,340.972,499.282,0,centum,34
7.06832,-369.333,337.604,0,monēre,50
14.3781,177.905,-197.713,0,frōns,49
7.4127,-135.975,581.647,0,deus,23
4.4501,302.826,403.598,0,poena,50
5.48525,-369.84,430.691,0,fendere,50
9.56794,-338.133,202.484,0,hodiē,27
11.9416,-331.866,-509.243,0,tollere,13
5.16975,-149.892,-10.726,0,propter,41
6.06188,-125.75,540.886,0,iacere,50
14.0642,141.486,29.2524,0,fore,17
5.61429,-311.238,431.774,0,damnum,34
5.38347,-12.2302,600.172,0,absum,50
6.63699,-206.234,-164.684,0,nefās,46
8.49058,292.314,411.815,0,cīvitās,29
5.26634,-79.7077,-287.561,0,humus,49
17.9886,-368.093,101.721,0,aequē,14
6.94807,-118.362,-257.931,0,pietās,37
6.61465,-370.61,584.517,0,parēns,50
5.34118,84.0781,349.608,0,cinis,50
6.12073,-318.73,255.074,0,impetus,50
8.85244,-198.67,532.024,0,quia,32
23.222,-356.64,-376.728,0,hostis,11
5.06662,89.2924,590.849,0,singulī,48
13.0667,-371.754,292.575,0,opus,50
6.36437,-284.852,-255.485,0,imāgō,43
115.341,334.814,-256.554,0,mundus,11
7.5719,-158.31,459.078,0,cornu,50
7.07521,-373.674,300.391,0,ferrum,50
7.02,-373.171,108.992,0,unda,41
7.24483,73.6481,234.781,0,līmen,38
8.15789,53.9674,-421.167,0,initium,35
6.50457,-364.662,-527.163,0,tener,32
6.85801,-196.889,526.748,0,scīre,50
6.99476,-293.092,-283.095,0,honestus,34
4.01457,-241.065,-537.87,0,quīdam,50
13.4085,-158.577,-342.094,0,saxum,25
8.01029,-37.5124,-363.686,0,aqua,46
8.25066,-47.3099,485.415,0,quamquam,29
6.66935,178.417,-217.99,0,ēdūcō,43
6.19656,119.115,-517.612,0,frāter,33
7.79778,-349.698,-324.043,0,potestās,22
5.27331,279.776,394.168,0,temnere,45
7.19158,-72.8575,214.036,0,quotiēns,43
4.56815,99.006,-357.728,0,precor,50
10.6511,181.019,-356.885,0,ventus,29
5.58705,249.708,-523.063,0,aeternus,37
6.0388,-53.3813,-272.855,0,dīves,50
7.06618,-253.262,-501.771,0,tergum,28
4.22627,-248.58,343.804,0,tendere,50
4.02102,2.97714,-282.7,0,voluntās,39
19.179,170.664,-235.329,0,ēdīcō,24
6.27284,-165.054,576.612,0,equus,49
16.2476,-303.59,-236.051,0,potis,26
5.7985,84.113,122.856,0,linquere,40
7.96696,15.283,-145.12,0,gerere,25
7.96551,-88.0741,-203.29,0,ūsque,36
4.17556,-76.8958,-58.7146,0,cōnsequor,50
6.21188,6.62863,-480.394,0,arbor,44
6.40326,60.4159,300.251,0,vereor,39
6.98859,93.6832,251.348,0,caecus,50
6.15974,-46.6469,274.07,0,tegere,30
4.27121,236.212,512.173,0,prōvincia,50
15.8695,-175.07,432.945,0,dīvus,25
4.31397,66.1778,3.11066,0,supplicium,35
6.42553,326.13,-104.788,0,hospes,28
8.44783,-80.0744,236.581,0,dīgnus,27
11.3518,179.983,583.285,0,aevum,31
8.826,335.103,350.709,0,sistere,25
5.70608,247.66,-385.922,0,meus,32
5.27748,139.245,-385.491,0,ingenium,50
8.81807,-150.157,154.371,0,prior,26
12.4479,87.8484,257.328,0,aequor,17
6.05351,289.817,-26.2335,0,surgere,32
7.35146,-82.6581,497.295,0,amnis,46
4.13388,-175.063,-120.547,0,scientia,50
5.33718,85.8446,90.5529,0,manus,50
8.18129,21.8714,369.883,0,paucī,32
5.53679,-33.3651,118.843,0,iniūria,37
7.4196,-366.312,457.911,0,nimius,29
9.51464,-123.494,537.625,0,brevis,31
8.45863,-132.102,-387.49,0,ingrātus,25
5.46292,316.711,147.759,0,gaudium,32
5.38642,96.692,-110.597,0,pondus,48
8.25158,-217.038,445.328,0,nāscor,47
6.20307,-84.5896,-55.412,0,aequus,27
4.87606,-197.759,-396.167,0,fingere,48
8.93828,-114.773,-171.97,0,audēre,29
5.52118,-59.2374,480.969,0,secundus,35
6.5363,209.891,71.1177,0,adeō,41
6.73554,-81.7025,91.7824,0,vacāre,42
4.09379,123.311,-478.27,0,nūmen,50
5.78406,6.1709,-138.97,0,domus,30
15.7236,-106.13,-510.871,0,prōdō,23
9.80055,59.9201,14.052,0,sānus,36
8.64199,-371.552,-501.578,0,pellāre,20
7.63451,-157.9,-403.151,0,fuga,47
4.76215,80.8258,348.125,0,cadere,50
5.2716,86.6315,202.301,0,pendere,26
6.77389,-99.1194,448.116,0,astrum,50
7.80874,37.9819,89.9131,0,dōnum,29
8.00496,242.891,220.878,0,stella,17
7.68026,-271.208,-44.1345,0,cingere,23
5.00171,109.795,188.917,0,certus,50
6.3771,-368.258,234.051,0,caput,49
7.03726,64.098,-378.573,0,populus,50
44.3201,346.123,476.735,0,breviter,13
5.21497,-82.3006,515.459,0,sulere,50
7.72456,276.433,-252.11,0,virtūs,27
7.96958,234.148,-353.614,0,ūnus,45
7.3064,-69.2332,-402.44,0,vīnum,45
12.7658,-128.148,39.0166,0,sīgnum,12
8.38751,-232.932,-589.285,0,cursus,23
15.4657,176.905,-203.233,0,cūnctus,27
7.46414,-28.3982,-190.748,0,morbus,43
5.05721,-96.0407,524.983,0,sonāre,47
4.54001,69.3747,476.407,0,quisque,41
7.19656,-132.385,-200.046,0,sēnsus,45
7.22382,-192.998,-310.449,0,forum,19
5.77064,-243.578,-540.733,0,modus,29
10.8125,-372.622,475.34,0,pellere,19
8.48271,236.28,505.718,0,semper,21
6.70174,268.203,385.992,0,colere,32
10.4419,-369.251,-333.846,0,parum,21
6.73435,-119.947,-49.2505,0,petere,41
6.02129,45.5539,-302.436,0,sapiēns,37
6.22531,-112.387,-189.106,0,nōbilis,50
7.52022,-372.752,592.659,0,scelus,38
4.88956,85.001,219.76,0,sedēre,50
7.97396,31.462,123.175,0,postquam,24
4.78792,89.58,207.67,0,decēre,50
8.16519,158.421,144.366,0,caedere,39
4.69856,38.1223,409.881,0,pretium,49
5.68354,349.86,-169.185,0,interim,41
7.46458,-342.81,-170.632,0,marītus,27
7.85499,-102.915,440.904,0,error,50
6.74976,347.04,240.097,0,terrēre,36
4.56744,88.3623,-73.2312,0,cōgnōscō,45
18.8416,43.413,447.737,0,quis,19
6.64001,231.281,-422.721,0,iuvāre,30
7.57624,69.3708,-51.4077,0,īnferus,50
7.35416,82.8191,118.598,0,dubius,30
5.37944,211.116,-51.9015,0,fugere,48
7.42168,23.0897,472.313,0,vulnus,36
4.83323,167.784,-109.517,0,exsilium,41
4.21502,-18.7737,521.857,0,dēnique,50
7.1348,-75.7809,-407.408,0,eques,35
5.96727,-95.8069,56.4286,0,haud,42
6.61673,-69.6806,192.904,0,recēdō,31
6.38052,37.8485,396.938,0,fābula,48
16.7353,-371.072,-319.746,0,coepī,12
5.86944,-311.98,520.857,0,nimis,50
4.53487,213.159,382.173,0,vester,47
9.78974,-19.5674,441.137,0,magister,20
8.52419,163.687,126.576,0,potēns,43
8.86425,-233.855,-264.162,0,miser,29
6.20215,339.552,-377.501,0,cēterum,28
8.80894,73.5947,-405.615,0,castus,41
4.81633,141.027,331.49,0,dīgnitās,50
5.04211,197.1,332.31,0,vinculum,38
8.92547,184.514,229.452,0,senātus,27
4.80749,-79.6426,-323.428,0,imperium,47
5.90844,196.136,-421.026,0,iungere,39
6.24538,329.034,298.329,0,caelum,50
4.55773,-32.4526,582.169,0,cōnfiteor,50
10.0926,-127.391,305.697,0,sānctus,28
6.33369,313.423,514.319,0,ārdeō,50
6.25045,-371.79,509.28,0,socius,41
5.54768,-131.7,-183.241,0,convīvium,39
7.2595,-201.335,587.055,0,ultimus,31
4.73422,-372.827,306.081,0,disciplīna,43
4.23305,-153.727,424.686,0,supersum,50
12.2611,173.499,-78.8123,0,urbs,24
5.68436,-374.46,-483.033,0,quōmodo,41
6.23555,240.208,497.725,0,nūntius,26
4.95531,281.319,-281.626,0,aliquandō,30
6.34552,282.549,306.991,0,cupīdō,35
4.68949,-263.06,298.449,0,frequēns,49
6.03072,215.321,-129.68,0,opera,50
7.12083,197.197,-66.0759,0,servus,41
5.75225,65.7713,-505.659,0,metuere,43
4.88701,48.2848,154.91,0,cōnferō,42
10.2652,-41.1824,-434.547,0,sententia,24
5.30289,154.066,-403.439,0,sēcūrus,47
7.66285,104.126,-456.07,0,multitūdō,25
6.81561,-317.519,-416.589,0,caelestis,22
10.7882,-371.583,-384.864,0,perīculum,11
5.71726,286.642,550.784,0,fruor,35
5.57824,-7.12564,529.224,0,suus,50
4.60102,-35.6949,121.002,0,meminī,47
59.4841,-73.8365,-591.386,0,ercēre,7
7.66982,-74.7703,-46.541,0,mox,39
23.2485,152.975,200.633,0,īra,27
7.36372,-31.1176,-440.319,0,fore,48
7.90913,86.0437,-478.255,0,hūc,50
7.50549,86.779,201.797,0,quoque,34
8.87148,-31.6592,-323.726,0,mīlle,36
8.60974,-193.116,-419.655,0,celer,36
7.10206,-369.971,468.941,0,sīgnum,22
8.68156,119.856,397.522,0,for,39
8.9411,90.1626,-74.8502,0,ex,50
8.53606,-373.622,467.182,0,via,50
8.16053,-193.875,-434.841,0,illūc,24
7.25836,-371.812,202.89,0,ideō,50
8.23468,-147.931,-564.183,0,nihil,29
7.28785,-125.422,-414.649,0,ūtor,46
6.24161,108.064,-425.715,0,aura,50
7.39557,-167.755,556.036,0,vix,38
20.515,-26.1511,-23.9561,0,sed,18
7.9833,232.423,-443.646,0,niger,30
7.29553,-102.098,182.253,0,cīvis,35
7.20721,-372.987,259.121,0,hūc,42
8.35327,36.0837,-121.987,0,fēlīx,48
15.0848,289.156,180.288,0,duo,21
11.6785,-374.275,-302.224,0,mox,42
28.0451,-372.591,90.6617,0,ēdō,14
6.33322,-172.665,41.1876,0,sistere,30
7.71762,-89.4743,-333.39,0,ferus,37
7.98058,-372.477,296.641,0,frōns,46
17.8128,-374.788,348.484,0,diū:,50
11.1777,197.249,116.458,0,vir,26
12.7362,25.1259,-206.374,0,cūr,50
41.4135,-369.726,-347.622,0,ibi,8
5.3699,-175.823,-239.363,0,albus,50
4.03461,-83.7152,399.081,0,quiēscō,50
11.3082,188.56,-298.778,0,ars,29
8.3497,273.939,-129.456,0,aliter,33
7.0064,-44.5294,-543.318,0,ita,50
9.41611,34.9119,388.645,0,vix,38
8.8111,-369.422,-159.794,0,mīles,50
7.74546,-372.665,514.19,0,opus,47
8.302,-195.164,-592.238,0,quō,29
17.2142,51.0263,-244.327,0,ut,27
7.01473,194.771,-363.429,0,rēctus,38
4.25052,68.0784,-418.629,0,hibēre,50
7.26301,245.94,-393.362,0,igere,34
6.53239,116.513,419.592,0,comes,42
8.76543,124.328,-462.658,0,rēx,50
8.00973,218.354,370.454,0,ex,45
8.80192,129.461,-118.265,0,āēr,49
8.84293,-370.015,485.55,0,decus,32
12.1341,306.242,-390.35,0,nōn,28
7.15606,305.31,488.275,0,gīgnō,31
8.38959,214.528,-335.259,0,quīn,42
17.1264,121.965,371.989,0,īra,25
7.54587,-370.358,401.879,0,libīdō,44
7.72926,-144.278,-1.66583,0,pius,38
15.524,-294.228,120.878,0,ōdī,17
8.51781,196.685,9.67078,0,vidēre,50
5.93917,58.3089,-182.696,0,tandem,50
21.9635,-374.575,51.0057,0,post,12
8.36277,-305.061,401.89,0,sinere,22
8.6895,104.96,434.101,0,patria,23
7.50159,104.433,520.054,0,subitō,43
6.99863,-188.233,165.516,0,dēbeō,30
6.27828,173.615,-266.575,0,ingrātus,40
9.57971,-374.78,600.125,0,flōs,50
8.34768,-372.738,238.405,0,valēre,50
5.18617,-371.977,318.121,0,neque,50
8.61885,242.075,-317.554,0,sīc,50
31.1453,-366.833,140.892,0,ut,12
8.49761,212.517,320.186,0,vīs,47
8.32646,-370.515,249.906,0,ultrā,50
6.63031,-374.359,-137.04,0,vulgus,35
8.4252,-121.765,117.731,0,pretium,20
8.92749,184.727,-282.084,0,nōs,36
11.3623,34.3063,-462.282,0,fīlia,43
15.0024,-246.445,-191.725,0,fidēs,18
7.97945,-179.6,-1.25024,0,iter,43
7.84153,-370.794,-552.283,0,amīcus,31
5.64617,-88.9529,-227.613,0,quiēscō,49
7.45712,-174.001,-248.578,0,sine,41
6.53276,-368.563,-583.278,0,dēbeō,24
7.73246,-284.223,570.644,0,ōdī,50
24.8475,131.432,-388.057,0,for,27
42.9809,-373.076,287.024,0,pius,50
13.1519,-86.4067,291.756,0,vix,28
6.74604,109.07,428.04,0,adeō,44
7.65578,109.368,-271.505,0,cipere,50
8.55937,-371.897,-419.5,0,dere,34
31.9907,-259.983,-56.1766,0,īra,22
84.8745,-271.674,-597.76,0,paulō,14
7.30354,-374.878,318.015,0,cohors,50
7.02823,214.435,-138.12,0,ergō,50
12.3777,6.32962,-43.8726,0,per,30
16.5063,-33.9733,544,0,fīō,31
8.62302,-132.603,-429.834,0,sīve,50
8.2792,-370.769,386.952,0,aetās,28
21.2291,120.351,363.665,0,ex,28
6.77422,179.596,-455.694,0,ēdō,50
12.3011,-374.464,-565.765,0,illīc,35
8.0084,-227.175,-270.029,0,ipse,38
7.77711,24.0848,571.524,0,ōdī,50
7.13596,80.2606,343.406,0,fidēlis,31
19.9419,-372.757,-264.076,0,sui,29
11.1551,-372.169,232.76,0,ibi,50
34.2879,-367.395,-94.1089,0,dīves,6
7.77739,103.754,-484.381,0,liber,47
50.2739,-343.392,-202.478,0,prō,6
7.71055,-374.612,248.783,0,nātūra,50
16.9442,56.2748,-388.731,0,iste,45
8.84287,-58.6149,80.3226,0,cum,41
13.9797,-371.247,244.766,0,iam,50
9.95194,-66.1263,410.856,0,sed,30
12.4669,-372.627,333.977,0,altus,41
20.0708,-56.713,-245.187,0,ita,30
16.5936,332.301,281.273,0,fēlīx,20
6.7253,165.074,134.108,0,opus,50
11.0032,-88.7474,276.327,0,ille,37
7.86455,-281.866,368.263,0,cinis,32
5.70162,3.38116,432.199,0,imāgō,50
7.27146,273.974,477.648,0,tum,50
7.86604,-373.695,447.292,0,nātus,48
8.3492,215.424,54.1669,0,nōs,41
8.40404,88.1716,-200.397,0,āēr,48
6.78655,-120.166,-196.188,0,fortis,50
8.60527,-201.326,-167.947,0,ex,50
12.1783,369.387,304.364,0,aes,47
8.48402,-373.853,260.337,0,prex,50
9.71937,-373.722,194.579,0,aliēnus,50
12.7997,170.803,-336.944,0,seu,31
9.63581,-179.147,36.4477,0,stella,23
7.5469,-307.484,-288.525,0,fidēlis,23
14.6447,-373.496,293.578,0,ex,50
8.17673,-374.692,502.831,0,per,50
13.3819,-370.188,413.598,0,flēre,30
5.67709,-372.284,459.794,0,sūmō,50
8.0981,-373.637,-445.558,0,iter,44
12.0669,70.433,-62.3047,0,hic,50
5.93399,31.3409,339.507,0,nūmen,44
8.00258,-373.159,-290.203,0,potis,28
8.47769,-174.757,-122.099,0,cūr,50
8.89542,65.9186,-30.0038,0,quis,43
8.9246,-99.1861,-124.032,0,lēx,39
6.79476,-373.461,3.74048,0,dere,37
22.6516,-374.478,254.705,0,vir,50
6.43542,-372.734,578.886,0,terrēre,50
8.29148,97.3981,-108.518,0,sīc,50
23.9032,-374.015,-510.082,0,scrībō,9
8.4325,-76.4419,-287.104,0,vōs,50
37.4778,-373.175,498.678,0,tam,10
11.1768,-374.352,32.3964,0,ipse,34
8.51786,-374.076,313.951,0,ars,50
23.0007,-238.786,498.639,0,laus,19
12.8272,-2.23746,-167.017,0,ōrdō,36
8.81163,-193.485,527.779,0,āēr,47
17.6669,-72.3976,-63.2673,0,fīō,28
8.87497,23.0681,4.24036,0,diēs,45
5.58636,-373.316,315.301,0,perīre,50
23.838,163.063,-338.356,0,vel,24
7.7863,-130.828,-202.973,0,tūtus,43
13.578,-63.9027,-386.689,0,arx,38
7.80332,146.971,155.93,0,facere,44
7.19044,-44.6895,-552.028,0,ficere,45
9.82861,-317.258,-42.2861,0,līmen,25
